== Part 1 ==
Value needed in register 0 for least instructions is 16457176
== Ran in 2.259 ms ==

== Part 2 ==
(16457176, 0, 0)
(8959315, 16457176, 1)
(13711974, 8959315, 2)
(11316164, 13711974, 3)
(11178715, 11316164, 4)
(5993, 11178715, 5)
(6404738, 5993, 6)
(12944008, 6404738, 7)
(434638, 12944008, 8)
(12855165, 434638, 9)
(537210, 12855165, 10)
(8696032, 537210, 11)
(4358356, 8696032, 12)
(4541610, 4358356, 13)
(10132558, 4541610, 14)
(11715132, 10132558, 15)
(8637924, 11715132, 16)
(13385279, 8637924, 17)
(4923479, 13385279, 18)
(15515163, 4923479, 19)
(12430987, 15515163, 20)
(2990907, 12430987, 21)
(13623080, 2990907, 22)
(11996689, 13623080, 23)
(13952907, 11996689, 24)
(6185076, 13952907, 25)
(9338398, 6185076, 26)
(7147514, 9338398, 27)
(13568225, 7147514, 28)
(13630637, 13568225, 29)
(11916325, 13630637, 30)
(4601415, 11916325, 31)
(2830117, 4601415, 32)
(8499548, 2830117, 33)
(9757461, 8499548, 34)
(8416398, 9757461, 35)
(5189486, 8416398, 36)
(571411, 5189486, 37)
(10582097, 571411, 38)
(6749619, 10582097, 39)
(4353368, 6749619, 40)
(14835899, 4353368, 41)
(7099471, 14835899, 42)
(13146445, 7099471, 43)
(5512952, 13146445, 44)
(5592842, 5512952, 45)
(15277329, 5592842, 46)
(11491144, 15277329, 47)
(7403721, 11491144, 48)
(8346891, 7403721, 49)
(2639176, 8346891, 50)
(12192197, 2639176, 51)
(772598, 12192197, 52)
(4917001, 772598, 53)
(5855424, 4917001, 54)
(3786872, 5855424, 55)
(3986608, 3786872, 56)
(7417136, 3986608, 57)
(5080765, 7417136, 58)
(15703993, 5080765, 59)
(9918516, 15703993, 60)
(13607678, 9918516, 61)
(5150046, 13607678, 62)
(13371545, 5150046, 63)
(7340671, 13371545, 64)
(8720199, 7340671, 65)
(8461536, 8720199, 66)
(6088756, 8461536, 67)
(1497296, 6088756, 68)
(4623506, 1497296, 69)
(2663836, 4623506, 70)
(5462625, 2663836, 71)
(1442459, 5462625, 72)
(11708605, 1442459, 73)
(429293, 11708605, 74)
(10656861, 429293, 75)
(243313, 10656861, 76)
(11817175, 243313, 77)
(4587673, 11817175, 78)
(2698933, 4587673, 79)
(6527613, 2698933, 80)
(11460767, 6527613, 81)
(11619839, 11460767, 82)
(8150970, 11619839, 83)
(2679969, 8150970, 84)
(9720711, 2679969, 85)
(2687348, 9720711, 86)
(3092197, 2687348, 87)
(5436047, 3092197, 88)
(3618653, 5436047, 89)
(6163024, 3618653, 90)
(5150796, 6163024, 91)
(16552686, 5150796, 92)
(11462104, 16552686, 93)
(16673303, 11462104, 94)
(14381585, 16673303, 95)
(5909211, 14381585, 96)
(15633105, 5909211, 97)
(5490383, 15633105, 98)
(5100625, 5490383, 99)
(11763987, 5100625, 100)
(14930848, 11763987, 101)
(15880361, 14930848, 102)
(10797465, 15880361, 103)
(6406520, 10797465, 104)
(8190553, 6406520, 105)
(1773361, 8190553, 106)
(11245424, 1773361, 107)
(3149397, 11245424, 108)
(10006421, 3149397, 109)
(1183270, 10006421, 110)
(9834958, 1183270, 111)
(13855645, 9834958, 112)
(1214936, 13855645, 113)
(12620391, 1214936, 114)
(14835967, 12620391, 115)
(11983451, 14835967, 116)
(6210293, 11983451, 117)
(11701955, 6210293, 118)
(3371029, 11701955, 119)
(1353853, 3371029, 120)
(3184675, 1353853, 121)
(1515289, 3184675, 122)
(11736460, 1515289, 123)
(970959, 11736460, 124)
(7966495, 970959, 125)
(11795300, 7966495, 126)
(6215181, 11795300, 127)
(2824703, 6215181, 128)
(1381412, 2824703, 129)
(10382420, 1381412, 130)
(5467946, 10382420, 131)
(12772851, 5467946, 132)
(9814836, 12772851, 133)
(1491835, 9814836, 134)
(15805398, 1491835, 135)
(4527261, 15805398, 136)
(1758111, 4527261, 137)
(2382014, 1758111, 138)
(16500246, 2382014, 139)
(7572110, 16500246, 140)
(9530690, 7572110, 141)
(12967987, 9530690, 142)
(12220973, 12967987, 143)
(8531031, 12220973, 144)
(4533807, 8531031, 145)
(16019135, 4533807, 146)
(6423871, 16019135, 147)
(13102808, 6423871, 148)
(11445408, 13102808, 149)
(1410806, 11445408, 150)
(13393612, 1410806, 151)
(16306478, 13393612, 152)
(3034483, 16306478, 153)
(5319168, 3034483, 154)
(12321186, 5319168, 155)
(10721195, 12321186, 156)
(4639262, 10721195, 157)
(4552910, 4639262, 158)
(6950854, 4552910, 159)
(13649199, 6950854, 160)
(15299554, 13649199, 161)
(3678513, 15299554, 162)
(16380668, 3678513, 163)
(15725078, 16380668, 164)
(8909142, 15725078, 165)
(8286181, 8909142, 166)
(8131832, 8286181, 167)
(881800, 8131832, 168)
(8222408, 881800, 169)
(13971402, 8222408, 170)
(5153769, 13971402, 171)
(4181960, 5153769, 172)
(11520561, 4181960, 173)
(681583, 11520561, 174)
(3262905, 681583, 175)
(4767012, 3262905, 176)
(7111217, 4767012, 177)
(476369, 7111217, 178)
(5881665, 476369, 179)
